image_width: 640
image_height: 480
camera_name: camera
camera_matrix:
  rows: 3
  cols: 3
  data: [418.808550, 0.000000, 309.048447, 0.000000, 416.060323, 244.683638, 0.000000, 0.000000, 1.000000]
distortion_model: plumb_bob
distortion_coefficients:
  rows: 1
  cols: 5
  data: [-0.288554, 0.076227, 0.000841, -0.000635, 0.000000]
rectification_matrix:
  rows: 3
  cols: 3
  data: [1.000000, 0.000000, 0.000000, 0.000000, 1.000000, 0.000000, 0.000000, 0.000000, 1.000000]
projection_matrix:
  rows: 3
  cols: 4
  data: [304.137054, 0.000000, 306.671963, 0.000000, 0.000000, 301.403992, 245.386813, 0.000000, 0.000000, 0.000000, 1.000000, 0.000000]
